---
images/banner-med.jpg: 2014-12-24 15:06:26.401063482 -08:00
images/SHAM-logo.jpg: 2014-12-26 15:42:36.333372123 -08:00
images/banner-large.jpg: 2014-12-24 15:06:04.524225303 -08:00
images/Author-Tristan-Tarwater.jpg: 2014-07-31 22:37:20.000000000 -07:00
images/banner-xl2.jpg: 2014-12-26 15:42:36.436706221 -08:00
images/banner-small.jpg: 2014-12-24 15:06:45.894549611 -08:00
images/Artist-Adrian-Ricker.jpg: 2014-07-31 22:37:47.000000000 -07:00
images/banner-xl.jpg: 2014-12-24 15:05:14.847169035 -08:00
images/comics/a-fistful-of-lunars-page-5.jpg: 2014-09-01 17:08:52.000000000 -07:00
images/comics/a-fistful-of-lunars-page-4.jpg: 2014-08-23 15:18:28.000000000 -07:00
images/comics/a-fistful-of-lunars-page-1.jpg: 2014-08-23 15:18:28.000000000 -07:00
images/comics/small/a-fistful-of-lunars-page-5.jpg: 2014-12-26 15:42:36.663374568
  -08:00
images/comics/small/a-fistful-of-lunars-page-4.jpg: 2014-12-26 15:42:36.680041358
  -08:00
images/comics/small/a-fistful-of-lunars-page-1.jpg: 2014-12-26 15:42:36.713374938
  -08:00
images/comics/small/a-fistful-of-lunars-page-3.jpg: 2014-12-26 15:42:36.713374938
  -08:00
images/comics/small/a-fistful-of-lunars-page-2.jpg: 2014-12-26 15:42:36.730041728
  -08:00
images/comics/a-fistful-of-lunars-page-3.jpg: 2014-08-23 15:18:28.000000000 -07:00
images/comics/thumbs/a-fistful-of-lunars-page-5.jpg: 2014-12-26 15:42:36.750041876
  -08:00
images/comics/thumbs/a-fistful-of-lunars-page-4.jpg: 2014-12-26 15:42:36.760041950
  -08:00
images/comics/thumbs/a-fistful-of-lunars-page-1.jpg: 2014-12-26 15:42:36.766708667
  -08:00
images/comics/thumbs/a-fistful-of-lunars-page-3.jpg: 2014-12-26 15:42:36.803375605
  -08:00
images/comics/thumbs/a-fistful-of-lunars-page-2.jpg: 2014-12-26 15:42:36.803375605
  -08:00
images/comics/a-fistful-of-lunars-page-2.jpg: 2014-08-23 15:18:28.000000000 -07:00
images/characters/Shamsee-Bio.jpg: 2014-07-28 21:32:58.000000000 -07:00
images/characters/Blighter-Bio.jpg: 2014-07-28 21:11:01.000000000 -07:00
images/characters/Gia-Bio.jpg: 2014-07-28 20:57:45.000000000 -07:00
